-0.6352,0.0133,0.7726,0.5645,1.0452,0.6866,352.3565,514.2905,49.4798,0.0217
-0.6345,0.0128,0.7764,0.7324,1.3732,0.7629,341.8608,506.7936,50.9792,0.0217
-0.6354,0.0134,0.7742,0.8468,1.3198,0.6256,344.8595,521.7875,53.9780,0.0217
-0.6348,0.0140,0.7743,0.9078,0.9918,0.4806,349.3577,511.2918,55.4774,0.0217
-0.6340,0.0155,0.7717,1.0070,0.8239,0.3967,331.3650,517.2893,46.4810,0.0217
-0.6356,0.0141,0.7728,1.0833,0.6484,0.3356,355.3553,514.2905,58.4761,0.0216
-0.6364,0.0117,0.7694,0.9460,0.5798,0.3738,355.3553,517.2893,55.4774,0.0217
-0.6350,0.0136,0.7739,0.9689,0.3738,0.2975,346.3589,508.2930,46.4810,0.0217
-0.6348,0.0120,0.7754,0.9994,0.2059,0.2899,344.8595,518.7887,44.9816,0.0217
-0.6371,0.0145,0.7687,1.0910,0.2441,0.2975,349.3577,511.2918,46.4810,0.0217
-0.6334,0.0126,0.7702,1.0223,0.4119,0.3738,347.8583,515.7899,53.9780,0.0217
-0.6350,0.0117,0.7727,1.1596,0.4882,0.2899,343.3601,505.2942,49.4798,0.0216
-0.6369,0.0150,0.7742,0.9460,0.4959,0.3128,353.8559,524.7863,44.9816,0.0217
-0.6352,0.0126,0.7728,0.8926,0.5950,0.3509,350.8571,509.7924,50.9792,0.0217
-0.6336,0.0103,0.7716,0.8926,0.4043,0.3967,338.8620,512.7911,41.9829,0.0217
-0.6348,0.0120,0.7716,0.8926,0.6103,0.5035,349.3577,520.2881,49.4798,0.0217
-0.6356,0.0151,0.7672,0.9918,0.7095,0.3433,362.8522,521.7875,47.9804,0.0217
-0.6383,0.0128,0.7683,1.0757,0.8621,0.2593,350.8571,518.7887,47.9804,0.0216
-0.6358,0.0134,0.7703,0.9613,0.7934,0.3662,338.8620,512.7911,62.9743,0.0217
-0.6369,0.0139,0.7720,0.9765,0.7400,0.4653,356.8547,506.7936,50.9792,0.0219
-0.6348,0.0144,0.7723,0.8773,0.4425,0.6561,358.3540,508.2930,49.4798,0.0217
-0.6406,0.0124,0.7701,0.6027,0.3967,0.8697,340.3614,526.2857,58.4761,0.0217
-0.6383,0.0127,0.7676,0.2517,0.6790,1.4190,346.3589,514.2905,43.4822,0.0217
-0.6367,0.0145,0.7743,0.1602,2.0904,1.3809,340.3614,517.2893,52.4786,0.0217
-0.6413,0.0136,0.7716,-0.4653,2.3956,1.8844,356.8547,515.7899,59.9755,0.0217
-0.6416,0.0089,0.7669,-0.0762,3.1967,1.5792,362.8522,512.7911,44.9816,0.0217
-0.6347,0.0118,0.7699,0.0152,3.1661,1.9226,356.8547,512.7911,50.9792,0.0216
-0.6412,0.0200,0.7687,-0.0686,3.6926,1.6860,344.8595,521.7875,56.9768,0.0217
-0.6437,0.0158,0.7598,0.6484,2.8915,0.6179,355.3553,514.2905,31.4871,0.0217
-0.6461,0.0089,0.7589,0.1754,2.4795,0.8850,352.3565,514.2905,52.4786,0.0217
-0.6370,0.0076,0.7699,0.2212,2.1362,1.2054,361.3528,517.2893,40.4835,0.0217
-0.6375,0.0162,0.7689,0.8163,0.9536,0.8087,353.8559,512.7911,47.9804,0.0217
-0.6466,0.0149,0.7621,0.9994,0.1678,0.4196,340.3614,517.2893,58.4761,0.0216
-0.6481,0.0087,0.7605,0.9841,-0.9384,0.2517,344.8595,509.7924,47.9804,0.0217
-0.6464,0.0067,0.7617,0.8163,0.3967,0.3967,355.3553,514.2905,43.4822,0.0217
-0.6383,0.0138,0.7691,1.0910,0.4043,0.3967,350.8571,527.7850,59.9755,0.0217
-0.6346,0.0189,0.7716,1.1215,-1.2283,0.3585,352.3565,502.2954,40.4835,0.0217
-0.6499,0.0147,0.7601,0.9613,0.4730,0.3051,355.3553,514.2905,46.4810,0.0217
-0.6586,0.0094,0.7556,0.9307,1.8463,0.1296,347.8583,518.7887,32.9865,0.0216
-0.6444,0.0061,0.7637,0.7781,2.8305,0.4043,344.8595,509.7924,44.9816,0.0218
-0.6347,0.0155,0.7754,0.6713,1.2893,0.6637,349.3577,511.2918,49.4798,0.0217
-0.6398,0.0186,0.7692,1.2664,0.0000,0.4959,346.3589,523.2869,64.4737,0.0216
-0.6505,0.0145,0.7603,1.0986,-1.1291,0.2441,359.8534,518.7887,38.9841,0.0217
-0.6576,0.0068,0.7569,0.7781,-0.1296,0.2212,353.8559,518.7887,50.9792,0.0217
-0.6497,0.0078,0.7583,0.6408,1.8234,0.3890,350.8571,518.7887,53.9780,0.0217
-0.7412,0.1558,0.6721,16.6397,-21.9039,-38.5284,352.3565,514.2905,46.4810,0.0217
-0.6149,-0.0403,0.8119,44.2352,-84.0988,-51.0635,340.3614,508.2930,34.4859,0.0217
-0.6068,-0.1482,0.8063,34.7290,-73.0590,-43.4112,323.8681,512.7911,38.9841,0.0217
-0.5931,0.0179,0.7899,19.6838,-79.5440,-19.3252,326.8669,503.7948,41.9829,0.0217
-0.5478,0.0087,0.8598,3.9367,-74.1195,-0.2670,307.3748,511.2918,16.4932,0.0217
-0.5301,0.0168,0.8559,-0.0152,-35.6750,0.0534,295.3797,499.2966,28.4884,0.0217
-0.5017,0.0518,0.8360,5.7754,-33.5845,-9.5062,299.8778,515.7899,26.9890,0.0217
-0.5190,-0.0383,0.8495,1.9454,-51.4526,1.1749,296.8791,509.7924,20.9914,0.0217
-0.2142,0.0635,0.9423,-4.4708,-109.1918,28.0914,296.8791,515.7899,11.9951,0.0217
-0.2638,-0.0748,0.8986,-9.3383,-211.5402,20.7519,287.8827,512.7911,2.9987,0.0217
-0.6463,0.1534,1.0095,-21.4920,-250.0000,-96.9619,242.9010,524.7863,5.9975,0.0217
-0.2582,-0.0675,1.0930,-29.3121,-247.1694,-200.0122,209.9145,521.7875,11.9951,0.0217
-0.7592,0.3132,1.1442,13.2827,-133.4686,24.0554,187.4236,508.2930,22.4908,0.0217
0.1279,-0.2130,0.9014,87.8219,-108.4365,249.9923,221.9096,506.7936,11.9951,0.0217
0.0022,-0.0164,0.9149,-18.3181,-70.8694,14.7323,235.4041,523.2869,10.4957,0.0217
-0.1764,0.0784,1.1744,-33.7600,-51.7730,107.0175,232.4053,517.2893,10.4957,0.0217
0.0382,-0.0018,1.0388,-24.1699,-62.0803,134.4757,241.4017,517.2893,10.4957,0.0217
0.0281,0.0460,1.0721,-25.7110,-67.0242,83.7478,250.3980,514.2905,13.4945,0.0217
0.1088,-0.0385,0.8883,12.7868,-30.4565,124.9008,259.3943,523.2869,13.4945,0.0217
-0.1377,-0.3120,0.8407,-14.6026,5.0354,-25.6195,260.8937,518.7887,11.9951,0.0217
-0.1405,0.0913,1.0958,4.1122,-33.8439,63.9877,253.3968,526.2857,7.4969,0.0217
0.1240,-0.0146,1.0885,8.1329,-33.0734,41.7404,262.3931,517.2893,22.4908,0.0217
-0.0145,0.0330,1.0047,19.9890,-19.6533,26.4282,274.3882,520.2881,7.4969,0.0217
0.0350,0.0145,1.0677,7.9498,-14.6713,10.0708,269.8901,518.7887,8.9963,0.0217
0.0256,0.0375,1.0627,13.8778,-9.5138,-2.8762,272.8888,515.7899,14.9938,0.0217
0.0397,0.0435,1.0010,17.4942,-15.3198,-19.9966,278.8864,506.7936,-2.9987,0.0217
0.0894,0.0248,0.9966,14.8162,-27.6184,-35.3622,262.3931,517.2893,-4.4981,0.0217
-0.0864,0.0986,1.0452,-10.7727,-30.0140,-86.9598,238.4029,511.2918,-13.4945,0.0217
-0.0109,0.0612,1.0346,-7.9727,-41.5420,-73.1048,235.4041,523.2869,10.4957,0.0217
0.0514,0.0348,1.0278,-1.2512,-18.4936,-56.2438,238.4029,526.2857,-16.4932,0.0217
0.0282,0.0768,0.9981,7.8582,-29.7775,-38.0020,227.9072,521.7875,-8.9963,0.0217
-0.0191,0.0828,0.9918,5.9585,-27.5955,-13.0233,212.9133,521.7875,-2.9987,0.0217
-0.0921,0.0993,0.9544,-2.2964,1.3122,-3.1051,205.4163,523.2869,7.4969,0.0217
-0.0178,0.0863,0.9509,-6.6604,33.5311,-1.6555,212.9133,530.7838,2.9987,0.0217
0.0197,0.0734,0.9647,-4.7225,44.6166,-8.7051,208.4151,517.2893,-4.4981,0.0217
0.0159,0.0531,1.0221,-1.5869,11.6271,-10.9634,218.9108,530.7838,-8.9963,0.0217
-0.0148,0.0616,1.0214,7.4539,-12.1383,1.6937,209.9145,518.7887,-20.9914,0.0217
-0.0313,0.0684,0.9456,7.4462,-6.1416,3.2806,208.4151,529.2844,-13.4945,0.0217
-0.0107,0.0526,0.9729,-6.2789,-6.1569,8.4152,214.4127,532.2832,-7.4969,0.0217
-0.0603,0.0404,0.9656,-13.1607,-21.2783,12.5350,218.9108,524.7863,-14.9938,0.0217
-0.0646,0.0302,0.9531,-13.7329,-25.4364,11.4669,208.4151,541.2796,-16.4932,0.0217
-0.0727,-0.0018,0.9827,-10.3912,-23.2315,16.1056,209.9145,557.7728,-8.9963,0.0217
-0.1183,-0.0536,0.8753,-10.7498,-11.9400,9.2697,217.4114,559.2722,-22.4908,0.0217
-0.2289,-0.0421,0.8559,-12.2070,2.1438,1.8310,199.4188,553.2747,-13.4945,0.0217
-0.1580,-0.0379,0.8823,-13.9312,15.0680,16.7770,227.9072,584.7619,-11.9951,0.0217
0.0208,-0.0480,0.9380,-8.3007,20.8740,20.6451,226.4078,577.2649,-16.4932,0.0217
0.0494,-0.0347,0.9381,-5.3253,17.3645,3.9367,233.9047,590.7594,-17.9926,0.0217
0.1143,-0.0383,0.9431,-9.6511,6.3629,13.3132,251.8974,590.7594,-29.9877,0.0217
0.1463,-0.0089,0.9643,-12.0620,7.0953,23.9639,244.4004,601.2551,-25.4896,0.0217
0.2081,-0.0186,0.9768,-13.5726,10.2615,27.5115,287.8827,596.7570,-8.9963,0.0217
0.3233,-0.0469,0.9974,-11.9476,8.7661,31.1813,278.8864,608.7521,-2.9987,0.0217
0.4045,-0.0491,1.0572,-10.3454,-4.9819,32.0053,289.3821,610.2515,-13.4945,0.0217
0.5024,-0.0593,1.1310,-6.8893,-2.6931,22.4761,292.3809,607.2527,-4.4981,0.0217
0.5673,-0.0650,1.1121,-1.3961,1.9073,17.7230,289.3821,604.2539,1.4993,0.0217
0.5607,-0.0612,1.1290,0.8010,2.6397,6.6070,307.3748,604.2539,10.4957,0.0217
0.5231,-0.0765,1.1134,2.4414,14.4042,-7.2555,304.3760,595.2576,1.4993,0.0217
0.5009,-0.0792,1.1398,3.4561,6.2484,-25.5813,298.3785,589.2600,7.4969,0.0217
0.4761,-0.0831,1.1479,12.4435,-6.1798,-22.5143,292.3809,610.2515,7.4969,0.0218
0.4539,-0.0898,1.1333,14.1372,-15.6021,-23.8418,275.8876,596.7570,0.0000,0.0217
0.4216,-0.0892,1.1003,16.6168,-21.0189,-26.2603,284.8840,596.7570,-11.9951,0.0217
0.3798,-0.0808,1.0721,25.8865,-2.0599,-43.3807,268.3907,601.2551,-7.4969,0.0217
0.4033,-0.0697,0.9938,15.6250,-1.9836,-39.8941,245.8998,593.7582,-2.9987,0.0217
0.3402,-0.0476,1.0032,6.9427,10.4751,-51.6204,232.4053,604.2539,-13.4945,0.0217
0.2971,-0.0554,1.0236,5.6304,14.4882,-48.8815,215.9120,575.7655,-2.9987,0.0217
0.2492,-0.0383,1.0046,5.3100,20.6909,-41.0079,202.4175,553.2747,-4.4981,0.0217
0.1835,-0.0423,0.8901,-1.2817,23.4832,-42.0379,214.4127,547.2771,4.4981,0.0217
0.0455,-0.0368,0.8588,-10.8795,31.6009,-48.0194,208.4151,529.2844,-4.4981,0.0217
0.0488,-0.0681,0.7943,-17.4179,56.2744,-48.4466,214.4127,514.2905,19.4920,0.0217
-0.0433,-0.0432,0.9069,-37.6586,26.4587,-43.2891,217.4114,517.2893,25.4896,0.0217
-0.2268,-0.0270,0.9544,-37.5595,-7.9498,-27.5726,211.4139,508.2930,19.4920,0.0217
-0.3329,-0.0028,0.8881,-29.2510,-8.3084,-14.5034,214.4127,502.2954,34.4859,0.0217
-0.0292,-0.1508,0.7460,-33.3328,10.4980,-10.1623,202.4175,505.2942,49.4798,0.0217
-0.1500,-0.0582,0.9454,-46.1578,-23.7197,-12.7410,200.9181,512.7911,41.9829,0.0217
-0.2373,-0.0325,1.0166,-43.7698,-47.8210,-2.0599,205.4163,508.2930,70.4713,0.0216
-0.1936,-0.0068,0.8818,-26.2832,-37.1322,7.1258,202.4175,523.2869,67.4725,0.0217
-0.0870,-0.0557,0.7268,-25.5661,-18.7072,2.2964,199.4188,520.2881,79.4676,0.0217
-0.0887,-0.0358,0.8616,-29.9911,-5.9509,-12.6571,200.9181,515.7899,74.9694,0.0217
-0.2042,-0.0469,1.0333,-31.7306,-19.9050,-18.2037,181.4261,520.2881,91.4627,0.0217
-0.2664,-0.0637,1.0686,-16.0903,-8.0947,-5.8822,170.9304,524.7863,101.9584,0.0217
-0.1386,-0.2065,0.9945,-15.4800,19.8364,-2.3574,166.4322,529.2844,97.4603,0.0217
-0.2316,-0.1685,1.1962,-21.4385,31.3339,-18.0358,158.9352,527.7850,113.9536,0.0218
-0.2711,-0.1631,1.1991,-14.3356,21.2326,-13.2141,166.4322,529.2844,112.4542,0.0217
-0.2911,-0.1744,1.1781,-9.1018,20.8969,-6.6146,149.9389,536.7814,110.9548,0.0217
-0.2525,-0.1785,1.1298,-4.3869,17.8909,-0.3662,151.4383,544.2783,103.4578,0.0217
-0.2359,-0.1716,1.1389,4.3106,4.8751,1.5716,146.9401,542.7789,104.9572,0.0217
-0.2571,-0.1481,1.1480,10.8642,-3.0364,1.6403,154.4371,547.2771,121.4505,0.0217
-0.2405,-0.1434,1.0756,16.8151,-2.4490,-2.4185,158.9352,530.7838,119.9511,0.0217
-0.2354,-0.1165,1.0117,19.3634,-7.4996,2.5787,167.9316,530.7838,110.9548,0.0217
-0.2089,-0.1134,1.0021,13.8397,-10.8566,2.8915,175.4285,523.2869,85.4652,0.0217
-0.1626,-0.1015,1.1002,14.9230,-13.6032,8.7661,173.9291,527.7850,86.9645,0.0217
-0.1097,-0.1231,1.0344,23.8342,-13.3438,16.5023,178.4273,535.2820,82.4664,0.0217
-0.0996,-0.1351,0.9747,25.2914,-14.4653,14.6636,187.4236,517.2893,82.4664,0.0217
-0.1228,-0.0747,0.9671,23.2086,-17.2500,15.7394,196.4200,514.2905,64.4737,0.0217
-0.0625,-0.0966,0.9246,21.7819,-18.6767,17.6849,203.9169,524.7863,56.9768,0.0217
-0.0592,-0.0910,0.9067,16.4947,-15.2816,11.0702,200.9181,512.7911,56.9768,0.0217
-0.0321,-0.0885,0.9220,17.3187,-18.2266,18.5928,190.4224,514.2905,58.4761,0.0217
0.0164,-0.0947,0.9155,16.2811,-24.1394,22.1176,193.4212,514.2905,52.4786,0.0217
-0.0342,-0.0830,0.8971,13.6260,-28.6026,24.4827,199.4188,511.2918,43.4822,0.0217
-0.0330,-0.0706,0.9099,13.5498,-21.5759,29.7927,194.9206,518.7887,44.9816,0.0217
0.0664,-0.1084,0.8986,18.8369,-15.7470,35.9802,197.9194,524.7863,41.9829,0.0217
0.0273,-0.0816,0.9066,11.6577,-27.4200,32.7301,215.9120,524.7863,38.9841,0.0217
-0.0198,-0.0934,0.8715,7.7514,-38.3911,42.4041,211.4139,523.2869,43.4822,0.0217
-0.0122,-0.0898,0.8718,1.8005,-33.5540,48.9044,203.9169,539.7802,23.9902,0.0217
0.1010,-0.0692,0.9209,-3.1967,-33.5845,59.5397,193.4212,547.2771,25.4896,0.0217
0.1779,-0.1137,0.9721,-1.8768,-41.4276,60.9207,202.4175,556.2734,25.4896,0.0217
0.2131,-0.1503,0.9792,2.6702,-42.6864,60.6155,203.9169,563.7704,35.9853,0.0217
0.3302,-0.1677,0.9926,-1.6784,-34.7671,59.7991,227.9072,575.7655,23.9902,0.0217
0.3593,-0.1599,0.9647,-2.6397,-21.8276,53.9932,233.9047,599.7557,20.9914,0.0217
0.3626,-0.1738,0.8953,-5.3482,-12.6647,52.5588,250.3980,613.2503,7.4969,0.0217
0.3637,-0.1818,0.9183,-9.3460,-2.1514,48.0346,265.3919,613.2503,16.4932,0.0217
0.4580,-0.2071,0.9883,-10.5819,-0.6942,41.2750,274.3882,604.2539,13.4945,0.0217
0.4945,-0.2163,0.9953,-6.3781,6.7443,32.3486,293.8803,620.7472,26.9890,0.0217
0.5110,-0.2071,0.9724,-6.2561,6.2255,28.1982,311.8730,620.7472,29.9877,0.0217
0.5268,-0.2109,0.9578,-4.9819,12.7639,19.9203,308.8742,617.7484,20.9914,0.0217
0.5745,-0.2115,0.9920,-5.2337,19.4473,12.9776,313.3724,619.2478,28.4884,0.0217
0.6162,-0.2140,1.0316,-2.3269,10.6430,8.1787,304.3760,598.2564,28.4884,0.0217
0.6362,-0.2105,1.0405,0.8850,1.3732,-1.6784,314.8717,599.7557,41.9829,0.0217
0.6301,-0.2153,1.0332,4.7836,5.9280,-17.7917,323.8681,599.7557,44.9816,0.0217
0.5639,-0.2039,0.9851,6.5002,18.4860,-25.7339,329.8656,608.7521,41.9829,0.0217
0.5048,-0.1957,0.9879,5.1651,27.6260,-32.6843,320.8693,608.7521,32.9865,0.0217
0.4328,-0.1782,1.0320,5.4779,32.0358,-40.7867,302.8766,623.7460,29.9877,0.0217
0.3999,-0.1769,1.0665,11.0778,27.0004,-42.7551,290.8815,611.7509,32.9865,0.0217
0.4039,-0.1847,1.0872,13.1530,16.4871,-47.6226,281.8852,617.7484,35.9853,0.0217
0.3590,-0.1885,1.0330,15.1672,17.3110,-56.4041,280.3858,619.2478,34.4859,0.0217
0.2650,-0.1390,1.0175,27.3742,49.0722,-70.4116,254.8962,617.7484,26.9890,0.0217
0.3017,-0.1295,0.9927,16.2963,41.1682,-54.3441,242.9010,599.7557,14.9938,0.0217
0.2434,-0.1525,1.0712,4.0054,24.7344,-56.5567,226.4078,598.2564,7.4969,0.0217
0.1424,-0.1459,1.0136,5.9738,11.3449,-56.0455,218.9108,572.7667,26.9890,0.0217
0.0864,-0.1249,0.9319,5.2413,5.6915,-52.2613,208.4151,559.2722,28.4884,0.0217
0.1626,-0.1380,0.8580,-2.8610,4.8141,-57.5103,196.4200,541.2796,46.4810,0.0217
0.0778,-0.1033,0.9173,-8.5983,-1.1291,-62.1795,196.4200,541.2796,22.4908,0.0217
0.0343,-0.1007,0.8587,-10.9634,3.1356,-47.6608,193.4212,529.2844,58.4761,0.0217
-0.0126,-0.0871,0.8131,-17.4865,12.2833,-39.3066,187.4236,532.2832,43.4822,0.0217
-0.0092,-0.0941,0.8472,-19.9890,23.3612,-37.0941,190.4224,517.2893,52.4786,0.0217
0.0886,-0.1162,0.8521,-20.9808,31.9061,-32.7835,196.4200,523.2869,52.4786,0.0217
0.0320,-0.1328,0.9021,-24.9099,17.4102,-39.1998,188.9230,512.7911,59.9755,0.0217
-0.0416,-0.1502,0.9232,-23.8571,19.6685,-38.6276,185.9243,521.7875,77.9682,0.0217
-0.0833,-0.1423,0.9296,-20.6222,29.3350,-34.8358,193.4212,505.2942,79.4676,0.0217
-0.1060,-0.1415,0.8786,-22.3464,33.6456,-27.3132,175.4285,523.2869,88.4639,0.0216
-0.1042,-0.1306,0.8892,-27.5650,38.7878,-27.5192,178.4273,514.2905,88.4639,0.0217
-0.1055,-0.1363,0.9094,-26.4511,34.1339,-24.5437,167.9316,524.7863,95.9609,0.0217
-0.1713,-0.1682,0.9580,-23.2009,28.8467,-22.9721,173.9291,524.7863,116.9523,0.0217
-0.2217,-0.2130,1.0303,-25.2685,24.6429,-20.3018,167.9316,515.7899,119.9511,0.0217
-0.2274,-0.2419,1.0673,-23.3001,13.9923,-14.2211,158.9352,539.7802,128.9474,0.0217
-0.2987,-0.1887,1.0524,-14.5568,24.0249,-10.8795,149.9389,545.7777,131.9462,0.0217
-0.2327,-0.1920,1.0616,-11.7187,25.3829,-8.3236,140.9426,530.7838,137.9438,0.0217
-0.2494,-0.2068,1.0241,-9.6435,2.4108,-5.8822,124.4493,541.2796,154.4371,0.0217
-0.3265,-0.1849,0.9451,-9.3307,-3.3187,-1.6937,118.4517,529.2844,163.4334,0.0216
-0.3906,-0.1745,1.0312,-9.5062,8.0795,0.7019,113.9536,536.7814,161.9340,0.0217
-0.4024,-0.1906,1.1801,2.8610,11.1312,4.5089,118.4517,547.2771,166.4322,0.0219
-0.3438,-0.1995,1.0080,9.3612,-9.3612,7.9040,107.9560,536.7814,152.9377,0.0216
-0.3706,-0.1447,0.9746,8.7432,-20.0500,22.0336,106.4566,538.2808,151.4383,0.0217
-0.2549,-0.2245,0.9776,5.8898,-18.2952,25.9017,115.4529,532.2832,142.4420,0.0217
-0.3614,-0.1826,1.0344,10.1928,-21.3470,24.1088,148.4395,556.2734,136.4444,0.0217
-0.3547,-0.1759,1.0260,18.7988,-32.6385,26.1383,142.4420,541.2796,124.4493,0.0219
-0.3323,-0.1604,1.0164,8.2702,-43.1289,28.2974,152.9377,536.7814,110.9548,0.0217
-0.2425,-0.1900,1.0371,11.0015,-46.4019,31.5628,169.4310,529.2844,91.4627,0.0217
-0.1611,-0.2179,1.0487,17.3873,-38.3071,30.1284,181.4261,523.2869,100.4590,0.0217
-0.1326,-0.1675,0.9965,26.7333,-29.7927,27.3208,190.4224,523.2869,91.4627,0.0217
-0.0845,-0.1560,0.8687,26.9470,-31.3491,26.4511,179.9267,515.7899,68.9719,0.0217
-0.1435,-0.1168,0.8411,22.8958,-30.7540,25.4898,188.9230,524.7863,68.9719,0.0217
-0.0257,-0.1129,0.8966,14.6331,-25.9704,33.4396,197.9194,518.7887,68.9719,0.0217
0.2030,-0.1704,0.9284,15.2359,-25.6195,26.5426,193.4212,517.2893,52.4786,0.0217
0.0744,-0.0883,0.9487,19.0658,-23.2543,-7.0343,188.9230,527.7850,59.9755,0.0217
0.0599,-0.1425,0.7655,25.4974,-8.8729,-15.3732,187.4236,535.2820,58.4761,0.0217
0.0445,-0.1339,0.8078,19.4549,-4.7378,-0.2670,185.9243,524.7863,50.9792,0.0217
0.0267,-0.1074,0.8397,-0.0686,-0.0762,30.2429,199.4188,538.2808,43.4822,0.0217
0.1068,-0.1501,0.9808,-2.6931,11.6424,44.4717,184.4249,550.2759,49.4798,0.0216
0.1581,-0.1539,0.9630,3.1356,10.8337,39.0548,193.4212,556.2734,49.4798,0.0217
0.2788,-0.1965,0.9886,5.8517,-14.9002,31.2728,184.4249,571.2673,46.4810,0.0217
0.1644,-0.1737,0.9092,6.2484,-17.5323,30.0369,191.9218,572.7667,26.9890,0.0217
0.1663,-0.1621,0.9074,-5.9890,-3.0441,42.1066,206.9157,593.7582,47.9804,0.0216
0.2477,-0.1655,0.9501,-11.8331,13.8702,51.9180,226.4078,595.2576,52.4786,0.0217
0.4280,-0.1922,1.0657,-13.8092,1.8081,51.7883,235.4041,592.2588,52.4786,0.0217
0.4376,-0.2070,1.1078,-4.9667,-13.1835,41.1605,253.3968,610.2515,46.4810,0.0217
0.4273,-0.2045,1.0223,-0.4653,-14.7094,31.6772,260.8937,620.7472,53.9780,0.0217
0.4619,-0.1973,0.9838,-6.1874,-6.6986,23.8418,278.8864,614.7496,56.9768,0.0217
0.5327,-0.1942,1.0192,-9.0332,6.9732,18.5852,269.8901,614.7496,71.9706,0.0217
0.6032,-0.1863,1.0977,-8.0337,17.1203,6.3476,274.3882,613.2503,61.4749,0.0217
0.6735,-0.1950,1.2000,1.1520,6.1492,-5.9661,280.3858,613.2503,58.4761,0.0217
0.6147,-0.1712,1.1387,11.5127,-0.9231,-19.0429,283.3846,607.2527,85.4652,0.0217
0.5367,-0.1748,1.0675,15.9149,4.6310,-24.8184,278.8864,611.7509,62.9743,0.0217
0.4871,-0.1786,1.0097,11.9552,13.1683,-28.5797,256.3955,616.2490,67.4725,0.0217
0.4661,-0.1795,1.0610,7.4234,20.4925,-33.8821,254.8962,611.7509,56.9768,0.0217
0.4321,-0.1891,1.0805,8.8500,14.0762,-44.8837,247.3992,619.2478,61.4749,0.0217
0.3741,-0.1913,1.0507,12.9165,2.6626,-53.2226,220.4102,607.2527,64.4737,0.0217
0.3286,-0.1900,1.0233,13.2980,0.7781,-58.3801,218.9108,596.7570,53.9780,0.0217
0.2719,-0.1727,0.9519,10.1928,16.7236,-62.2253,209.9145,581.7631,59.9755,0.0217
0.2543,-0.1610,0.9478,4.4555,29.0908,-60.4400,194.9206,569.7680,68.9719,0.0217
0.2440,-0.1506,0.9963,-0.7171,23.9410,-58.3343,190.4224,553.2747,52.4786,0.0216
0.2184,-0.1600,1.0596,-1.2130,19.7372,-63.5147,187.4236,547.2771,55.4774,0.0217
0.0669,-0.1497,0.9694,2.0065,20.3781,-60.1730,176.9279,536.7814,50.9792,0.0217
0.0114,-0.1487,0.8112,-7.0419,17.1966,-46.6461,188.9230,533.7826,53.9780,0.0217
-0.0023,-0.1157,0.7810,-16.7160,18.1579,-42.0379,188.9230,530.7838,77.9682,0.0217
-0.0132,-0.1295,0.8141,-18.3944,11.9857,-46.8215,175.4285,517.2893,70.4713,0.0217
-0.0478,-0.1455,0.8663,-14.7247,0.6713,-47.2946,184.4249,529.2844,70.4713,0.0217
-0.0359,-0.1364,0.7951,-13.2369,-10.9939,-51.7120,176.9279,515.7899,89.9633,0.0217
-0.1434,-0.1768,0.8288,-24.2614,-8.4533,-54.8477,164.9328,521.7875,98.9597,0.0217
-0.1968,-0.2117,0.9110,-25.7568,-7.8735,-44.8684,143.9413,521.7875,92.9621,0.0216
-0.3557,-0.1716,1.0296,-17.8222,-12.5808,-33.2260,128.9474,521.7875,104.9572,0.0217
-0.2645,-0.1825,0.9511,-12.8784,-11.4974,-7.7362,124.4493,514.2905,121.4505,0.0217
-0.1131,-0.1995,0.9234,-20.0347,-11.7721,4.3182,106.4566,514.2905,130.4468,0.0217
0.0272,-0.2665,0.9785,-20.9274,-13.1072,-13.2598,85.4652,520.2881,163.4334,0.0217
-0.2643,-0.2221,1.0532,-15.6097,-12.7029,-13.6718,65.9731,533.7826,170.9304,0.0217
-0.3212,-0.1782,1.0348,-14.2364,-3.3721,1.7700,43.4822,511.2918,196.4200,0.0217
-0.2768,-0.2270,1.0628,-16.9219,12.7410,12.1994,28.4884,508.2930,217.4114,0.0217
-0.2380,-0.3147,1.1403,-19.7906,3.9215,1.9073,4.4981,517.2893,235.4041,0.0217
-0.4083,-0.2521,1.1886,-13.5192,0.5722,-3.8299,-8.9963,503.7948,239.9023,0.0217
-0.4011,-0.2500,1.1169,-3.7307,6.7596,2.8991,-2.9987,509.7924,233.9047,0.0217
-0.4362,-0.2725,1.0742,0.7019,12.7410,9.6664,-2.9987,518.7887,230.9059,0.0217
-0.4716,-0.2631,1.1055,4.9591,6.1416,16.0064,14.9938,500.7960,206.9157,0.0217
-0.4044,-0.2229,1.0724,11.9323,-9.8266,25.5584,44.9816,515.7899,182.9255,0.0217
-0.3661,-0.2021,1.0509,16.8457,-27.1301,29.8461,76.4688,514.2905,154.4371,0.0217
-0.2958,-0.2272,0.9555,21.4080,-29.8919,40.3518,104.9572,518.7887,140.9426,0.0217
-0.1985,-0.2253,1.0093,35.2172,-17.3721,38.7268,130.4468,523.2869,124.4493,0.0217
-0.0828,-0.1972,0.9622,39.1082,-2.6397,34.0652,137.9438,524.7863,116.9523,0.0217
-0.0561,-0.1739,0.9587,20.7901,-8.5296,50.1861,146.9401,521.7875,80.9670,0.0217
-0.0153,-0.1693,0.9384,24.4979,-15.7012,52.2232,169.4310,505.2942,88.4639,0.0217
-0.0131,-0.1425,0.9041,29.1824,-8.9416,47.7752,184.4249,526.2857,70.4713,0.0217
0.0681,-0.1266,0.8818,30.7769,-3.3111,50.2243,194.9206,521.7875,74.9694,0.0217
0.1043,-0.1413,0.8804,28.9077,-4.9209,50.9262,188.9230,527.7850,71.9706,0.0217
0.0767,-0.1527,0.8975,29.3579,-5.9890,48.0728,193.4212,523.2869,52.4786,0.0217
0.1109,-0.1406,0.8327,25.7415,-14.8468,59.0362,191.9218,545.7777,47.9804,0.0217
0.0791,-0.1223,0.8831,18.6538,-18.2418,62.5686,206.9157,539.7802,56.9768,0.0217
0.0936,-0.1424,0.8896,13.2064,-10.3302,62.4923,202.4175,538.2808,46.4810,0.0217
0.1083,-0.1771,0.8751,11.2991,-5.1803,60.8596,217.4114,547.2771,43.4822,0.0217
0.1304,-0.1696,0.8928,4.4937,-14.8086,63.9724,224.9084,548.7765,38.9841,0.0217
0.2239,-0.2045,0.9063,3.3416,-30.6854,67.5125,209.9145,578.7643,32.9865,0.0217
0.2832,-0.2221,0.9470,2.7694,-34.9884,61.2487,245.8998,575.7655,32.9865,0.0217
0.1828,-0.1957,0.8403,-1.1291,-28.3279,58.0215,244.4004,583.2625,31.4871,0.0217
0.1348,-0.1985,0.7584,-14.7476,-21.0494,61.4013,262.3931,586.2612,37.4847,0.0217
0.2907,-0.2256,0.8803,-29.2816,-11.0702,61.2945,277.3870,583.2625,43.4822,0.0217
0.5137,-0.2445,1.0084,-28.0609,-6.6070,56.3888,301.3772,583.2625,58.4761,0.0217
0.6123,-0.2406,1.0844,-22.8347,-13.1912,40.5578,313.3724,580.2637,43.4822,0.0217
0.5901,-0.2274,1.0446,-11.2609,-17.3416,29.0527,302.8766,584.7619,38.9841,0.0217
0.6450,-0.2127,1.0170,-10.2844,-11.7416,22.3617,302.8766,581.7631,53.9780,0.0217
0.6997,-0.2211,1.0644,-13.7557,-2.5482,15.5258,305.8754,590.7594,50.9792,0.0217
0.7333,-0.2177,1.1066,-9.9716,10.3378,0.2059,308.8742,575.7655,59.9755,0.0217
0.6915,-0.2252,1.1392,-2.9449,7.1792,-12.0849,313.3724,580.2637,73.4700,0.0217
0.5230,-0.2331,1.0800,3.6087,10.3530,-18.1198,308.8742,590.7594,77.9682,0.0217
0.6184,-0.2693,0.9783,11.0626,15.1596,-19.1268,308.8742,581.7631,83.9658,0.0217
0.4060,-0.2682,1.0797,13.2217,-9.2544,-17.2042,308.8742,587.7606,83.9658,0.0217
0.3450,-0.2614,0.9207,17.1508,-2.7389,-16.0903,308.8742,602.7545,74.9694,0.0216
0.2380,-0.2429,0.8347,7.2174,4.1275,-21.6827,305.8754,590.7594,80.9670,0.0217
0.2152,-0.2153,0.7641,-9.9487,23.5595,-50.0640,280.3858,601.2551,73.4700,0.0217
0.0827,-0.2177,0.9144,-20.7519,35.5300,-68.4356,262.3931,595.2576,88.4639,0.0217
0.0503,-0.1905,0.9614,46.8750,28.8848,-67.5506,268.3907,604.2539,70.4713,0.0217
0.0216,-0.1893,0.8565,11.5890,45.2651,-76.7059,244.4004,586.2612,58.4761,0.0217
-0.0560,-0.1187,0.8948,12.3062,28.5949,-53.1005,242.9010,581.7631,62.9743,0.0217
-0.0451,-0.1589,0.7988,8.3541,4.0969,-32.5317,227.9072,569.7680,59.9755,0.0217
-0.0757,-0.1400,0.9385,-12.1917,-27.4810,2.4414,217.4114,562.2710,76.4688,0.0217
-0.0678,-0.1938,1.0736,-9.2239,-28.3508,5.1040,230.9059,569.7680,71.9706,0.0217
-0.1171,-0.1857,1.0523,-1.7547,-5.0277,-2.2888,224.9084,572.7667,71.9706,0.0216
-0.0795,-0.1463,0.9956,-2.4566,-0.2670,-4.6463,224.9084,545.7777,74.9694,0.0217
0.0302,-0.1140,0.9256,-3.6849,-20.5154,-9.2086,218.9108,554.7741,80.9670,0.0217
0.0360,-0.0829,0.8986,-10.1013,-41.5573,-30.4412,227.9072,563.7704,65.9731,0.0217
0.0213,-0.1020,0.9883,-10.3073,-47.9965,-33.4014,217.4114,550.2759,79.4676,0.0217
-0.2108,0.0526,1.4145,17.8756,-51.4907,-29.3350,206.9157,548.7765,71.9706,0.0217
0.3016,-0.1923,0.8694,44.2810,-102.6153,-1.9836,197.9194,557.7728,53.9780,0.0217
0.2137,-0.1208,0.9567,7.5302,-72.2045,-71.6476,190.4224,544.2783,70.4713,0.0217
0.1097,-0.0100,1.0356,-16.9601,-73.5855,-76.5228,178.4273,535.2820,85.4652,0.0217
0.3584,-0.2291,0.9000,-28.0303,-33.0505,-198.1124,167.9316,548.7765,68.9719,0.0217
-0.1316,0.2203,0.6845,-70.8465,-56.9229,-250.0000,118.4517,535.2820,88.4639,0.0217
0.2681,-0.1583,1.0112,-41.5954,149.2614,-160.7131,83.9658,518.7887,95.9609,0.0217
0.5087,0.0476,0.9171,-10.7040,106.3919,-45.8984,74.9694,512.7911,98.9597,0.0217
0.2795,-0.0258,0.9407,30.5633,160.4614,146.0952,91.4627,508.2930,79.4676,0.0217
0.1439,-0.0458,0.9511,19.5159,234.8251,146.6598,118.4517,520.2881,67.4725,0.0217
0.1357,0.0391,0.9312,10.3302,249.9923,243.9422,185.9243,527.7850,65.9731,0.0217
-0.5043,-0.2692,1.3816,56.2744,174.0493,210.2890,230.9059,512.7911,56.9768,0.0217
-0.2648,0.0015,1.0179,-41.6183,180.2062,10.6048,245.8998,518.7887,47.9804,0.0217
-0.2937,-0.0576,0.8468,-60.3866,133.1481,-55.3131,260.8937,533.7826,71.9706,0.0217
-0.1141,-0.1923,0.9788,-30.5938,99.4567,-35.0799,257.8949,521.7875,59.9755,0.0217
-0.2084,-0.1602,0.9080,-31.2576,112.7700,116.0659,274.3882,538.2808,73.4700,0.0217
-0.3546,-0.0840,0.8703,-3.2119,86.5249,180.2291,295.3797,526.2857,79.4676,0.0217
-0.4605,-0.0130,0.8793,23.3993,52.1163,139.0533,317.8705,521.7875,65.9731,0.0217
-0.5111,0.0180,0.8927,26.3137,-2.5939,17.3110,335.8632,515.7899,71.9706,0.0217
-0.4561,0.0017,0.9261,15.2206,-47.9583,-74.9435,325.3675,529.2844,76.4688,0.0217
-0.3713,-0.0280,0.9409,-3.0517,-70.7855,-127.9754,301.3772,526.2857,73.4700,0.0217
-0.2875,-0.0987,0.9359,-15.8920,-84.5489,-138.7786,296.8791,527.7850,59.9755,0.0217
-0.2378,-0.1182,0.9244,-9.1705,-93.8034,-118.0267,259.3943,547.2771,70.4713,0.0217
-0.2197,-0.1249,0.9520,14.8925,-102.2949,-95.1004,254.8962,533.7826,59.9755,0.0217
-0.2060,-0.1289,0.9573,24.8794,-98.3200,-93.1472,224.9084,524.7863,71.9706,0.0217
-0.1635,-0.1170,0.9705,27.8701,-98.4649,-100.0213,197.9194,524.7863,59.9755,0.0217
-0.0994,-0.0974,0.9971,22.9110,-98.6404,-102.0431,187.4236,526.2857,55.4774,0.0217
0.1583,-0.1260,1.0258,22.1710,-40.5426,-57.9071,166.4322,520.2881,58.4761,0.0217
0.0093,-0.0623,1.0108,22.3846,-0.0152,60.4095,164.9328,518.7887,59.9755,0.0217
-0.0891,-0.0895,1.0285,5.2871,3.3569,3.6468,173.9291,521.7875,47.9804,0.0217
-0.1085,-0.0822,0.9773,-19.0811,-1.3504,-4.1122,170.9304,530.7838,50.9792,0.0216
-0.0895,-0.0867,1.0017,-11.4440,6.4163,-35.2478,158.9352,527.7850,53.9780,0.0217
-0.0504,-0.1191,1.0044,-16.7922,22.0565,-51.1245,164.9328,527.7850,50.9792,0.0217
-0.0339,-0.1540,0.9802,-18.5089,18.5089,-13.2904,154.4371,523.2869,61.4749,0.0217
-0.0786,-0.1376,0.9827,-10.6811,11.3983,18.3792,166.4322,535.2820,64.4737,0.0217
-0.1014,-0.1322,0.9768,-1.5640,17.1737,19.5617,172.4297,520.2881,46.4810,0.0217
-0.1056,-0.1224,0.9694,7.8659,8.7585,17.7612,181.4261,535.2820,52.4786,0.0218
-0.1218,-0.0975,0.9857,12.5503,-5.5084,11.3143,175.4285,520.2881,61.4749,0.0217
-0.1235,-0.0910,0.9960,7.5225,-12.7716,-14.9154,169.4310,520.2881,55.4774,0.0217
-0.1032,-0.1071,0.9960,0.2517,-19.0429,-31.2652,178.4273,526.2857,70.4713,0.0217
-0.0877,-0.1176,0.9885,-5.3482,-25.3906,-38.4063,161.9340,536.7814,59.9755,0.0217
-0.0519,-0.1365,0.9812,-3.5171,-1.5869,-5.0964,152.9377,530.7838,68.9719,0.0217
-0.0737,-0.1257,0.9823,3.3111,1.0375,0.8239,152.9377,533.7826,65.9731,0.0217
-0.0724,-0.1196,1.0007,8.3160,1.8310,2.8991,154.4371,532.2832,64.4737,0.0217
-0.0756,-0.1145,1.0017,3.8452,0.7629,0.5111,146.9401,524.7863,68.9719,0.0217
-0.0765,-0.1138,1.0020,-2.7084,1.4648,-0.1754,160.4346,523.2869,61.4749,0.0217
-0.0838,-0.1185,0.9949,-6.7901,3.7536,-4.5318,157.4358,520.2881,55.4774,0.0217
-0.0568,-0.1345,0.9857,-6.0729,-0.4348,-9.1323,148.4395,526.2857,55.4774,0.0217
-0.0684,-0.1260,0.9821,-0.2746,0.1907,-0.0839,151.4383,523.2869,55.4774,0.0217
-0.0703,-0.1230,0.9904,5.1574,0.0762,0.7476,163.4334,523.2869,55.4774,0.0217
-0.0756,-0.1249,0.9929,5.5694,-0.3814,0.6790,149.9389,518.7887,65.9731,0.0216
-0.0776,-0.1251,1.0012,1.4648,-0.1678,0.1907,143.9413,530.7838,59.9755,0.0217
-0.0784,-0.1248,0.9937,-2.7694,-0.3051,-0.2670,140.9426,521.7875,50.9792,0.0217
-0.0712,-0.1211,0.9924,-2.2354,-0.0610,-0.1754,151.4383,520.2881,52.4786,0.0217
-0.0759,-0.1178,0.9895,1.3351,0.6942,-2.0675,151.4383,526.2857,58.4761,0.0216
-0.0740,-0.1239,0.9903,2.9830,0.6942,-2.6473,154.4371,517.2893,58.4761,0.0217
-0.0792,-0.1288,0.9937,0.5569,-0.0686,-0.4806,149.9389,524.7863,71.9706,0.0217
-0.0758,-0.1296,0.9894,-2.4261,-0.0762,-2.9449,154.4371,517.2893,64.4737,0.0217
-0.0632,-0.1329,0.9888,-2.5939,-0.2365,-3.2501,164.9328,512.7911,62.9743,0.0217
-0.0727,-0.1267,0.9851,1.9454,0.1449,0.2365,145.4407,520.2881,64.4737,0.0217
-0.0755,-0.1224,0.9883,3.9978,0.4196,0.4959,155.9365,515.7899,62.9743,0.0217
-0.0745,-0.1240,0.9916,2.8228,0.0000,0.3662,154.4371,511.2918,61.4749,0.0216
-0.0757,-0.1287,0.9949,-1.4266,-0.3433,-0.1525,148.4395,523.2869,58.4761,0.0217
-0.0783,-0.1250,0.9884,-2.2048,-0.0076,-1.5792,154.4371,532.2832,58.4761,0.0217
-0.0717,-0.1273,0.9894,-0.1525,0.6103,-5.1956,155.9365,527.7850,62.9743,0.0217
-0.0692,-0.1308,0.9882,1.5029,0.4501,-1.1215,155.9365,521.7875,65.9731,0.0217
-0.0753,-0.1286,0.9949,0.6637,0.1831,-0.1296,148.4395,520.2881,58.4761,0.0217
-0.0719,-0.1291,0.9891,-0.9460,0.2593,-3.7918,149.9389,524.7863,68.9719,0.0216
-0.0729,-0.1312,0.9876,-0.3662,0.0381,-1.9531,146.9401,536.7814,65.9731,0.0216
-0.0770,-0.1290,0.9880,1.6250,0.1144,0.1144,137.9438,518.7887,56.9768,0.0217
-0.0753,-0.1263,0.9897,2.0370,0.0686,-0.5340,146.9401,527.7850,62.9743,0.0218
-0.0692,-0.1298,0.9948,0.4501,-0.1373,-0.7247,149.9389,515.7899,71.9706,0.0217
-0.0727,-0.1305,0.9924,-0.5493,-0.0915,-1.3809,161.9340,533.7826,68.9719,0.0217
-0.0725,-0.1378,0.9879,-0.4653,0.0915,-1.7852,148.4395,517.2893,58.4761,0.0217
-0.0736,-0.1345,0.9915,0.4959,0.2593,-1.0528,152.9377,518.7887,62.9743,0.0216
-0.0761,-0.1315,0.9870,1.1520,0.4959,-1.3198,145.4407,523.2869,76.4688,0.0217
-0.0729,-0.1295,0.9900,1.0070,0.3967,-2.2201,140.9426,521.7875,65.9731,0.0217
-0.0698,-0.1329,0.9918,0.3051,-0.2441,-0.5340,140.9426,524.7863,68.9719,0.0217
-0.0722,-0.1315,0.9918,-0.3128,-0.3585,-0.1907,140.9426,512.7911,53.9780,0.0217
-0.0768,-0.1345,0.9855,0.3890,-0.1983,-0.3662,154.4371,514.2905,70.4713,0.0217
-0.0762,-0.1353,0.9860,1.0375,0.2136,-0.9002,143.9413,524.7863,56.9768,0.0217
-0.0733,-0.1340,0.9893,0.6484,0.2212,-2.0599,139.4432,511.2918,70.4713,0.0216
-0.0704,-0.1328,0.9940,0.1678,0.1068,-1.7242,151.4383,535.2820,76.4688,0.0216
-0.0722,-0.1330,0.9905,0.3051,-0.1144,0.0381,139.4432,532.2832,67.4725,0.0217
-0.0754,-0.1344,0.9903,0.4272,-0.2136,-0.0152,140.9426,524.7863,65.9731,0.0217
-0.0722,-0.1341,0.9912,0.9155,-0.0610,-0.0762,146.9401,530.7838,68.9719,0.0217
-0.0739,-0.1351,0.9915,1.1215,0.0457,-0.1144,143.9413,521.7875,74.9694,0.0217
-0.0725,-0.1365,0.9890,0.5569,0.0305,-1.4266,145.4407,517.2893,61.4749,0.0216
-0.0742,-0.1346,0.9891,0.0152,0.1068,-2.4185,146.9401,518.7887,65.9731,0.0217
-0.0684,-0.1381,0.9914,-0.3280,0.1525,-3.0212,152.9377,521.7875,59.9755,0.0217
-0.0728,-0.1367,0.9888,0.3814,0.0152,-0.0610,137.9438,518.7887,65.9731,0.0217
-0.0723,-0.1345,0.9916,0.9078,0.1068,-0.0839,145.4407,523.2869,70.4713,0.0217
-0.0747,-0.1358,0.9873,1.2359,-0.0915,-0.7934,142.4420,520.2881,79.4676,0.0217
-0.0730,-0.1376,0.9885,0.6332,-0.0381,-0.7095,143.9413,515.7899,59.9755,0.0216
-0.0721,-0.1351,0.9866,0.4577,-0.1373,-0.2212,149.9389,527.7850,59.9755,0.0219
-0.0709,-0.1356,0.9849,0.5950,-0.0915,-0.1907,139.4432,526.2857,67.4725,0.0216
-0.0745,-0.1328,0.9906,0.8468,-0.0152,-1.6250,143.9413,530.7838,62.9743,0.0217
-0.0706,-0.1406,0.9901,0.2670,-0.0152,-1.3732,146.9401,521.7875,74.9694,0.0217
-0.0720,-0.1383,0.9880,-0.0457,-0.0228,-0.0534,149.9389,530.7838,77.9682,0.0217
-0.0784,-0.1355,0.9887,0.4806,0.1373,-0.9384,149.9389,515.7899,80.9670,0.0217
-0.0711,-0.1349,0.9895,1.2359,-0.0381,-1.1520,148.4395,523.2869,67.4725,0.0217
-0.0683,-0.1375,0.9913,1.0299,-0.1144,-0.3204,145.4407,523.2869,58.4761,0.0216
-0.0726,-0.1400,0.9879,0.4196,-0.1907,0.0305,140.9426,527.7850,62.9743,0.0217
-0.0790,-0.1416,0.9856,-0.0534,0.1296,-1.1367,148.4395,520.2881,76.4688,0.0216
-0.0745,-0.1402,0.9869,-0.0610,0.1525,-1.8997,142.4420,517.2893,67.4725,0.0218
-0.0681,-0.1341,0.9934,0.9918,0.0839,-0.9307,139.4432,529.2844,70.4713,0.0217
-0.0651,-0.1348,0.9921,2.0675,-0.1602,0.3051,143.9413,530.7838,65.9731,0.0217
-0.0755,-0.1448,0.9934,0.6027,-0.3051,0.2059,145.4407,526.2857,67.4725,0.0217
-0.0784,-0.1455,0.9888,-0.5874,-0.0762,-0.0076,146.9401,524.7863,68.9719,0.0216
-0.0795,-0.1383,0.9868,0.2517,0.4806,-2.0980,128.9474,518.7887,68.9719,0.0217
-0.0682,-0.1379,0.9862,0.9078,0.6027,-3.2196,146.9401,521.7875,59.9755,0.0217
-0.0631,-0.1388,0.9880,1.2817,0.0381,-1.1444,139.4432,517.2893,64.4737,0.0216
-0.0739,-0.1404,0.9879,0.6027,-0.3356,0.1754,143.9413,518.7887,59.9755,0.0217
-0.0755,-0.1439,0.9874,0.0228,-0.2288,0.0228,139.4432,520.2881,61.4749,0.0217
-0.0714,-0.1434,0.9888,0.6179,0.0000,0.0000,136.4444,517.2893,67.4725,0.0216
-0.0632,-0.1296,1.0006,1.7700,0.0457,-1.1672,157.4358,520.2881,73.4700,0.0217
-0.0665,-0.1319,0.9675,1.8768,1.0223,-0.0762,137.9438,524.7863,68.9719,0.0217
-0.0733,-0.1403,0.9932,1.1138,-0.7934,0.0762,146.9401,521.7875,68.9719,0.0217
-0.0838,-0.1480,0.9888,-1.6250,-0.2136,-0.3433,143.9413,524.7863,65.9731,0.0217
-0.0729,-0.1469,0.9870,-2.1057,0.3509,-6.0729,154.4371,529.2844,73.4700,0.0217
-0.0573,-0.1434,0.9840,-1.0070,0.5645,-3.7078,151.4383,526.2857,64.4737,0.0216
-0.0659,-0.1351,0.9910,3.4790,0.1373,0.4730,142.4420,520.2881,70.4713,0.0217
-0.0740,-0.1412,0.9879,3.4561,-0.2517,0.5493,143.9413,530.7838,68.9719,0.0217
-0.0765,-0.1444,0.9924,1.5411,-0.3204,0.2593,130.4468,523.2869,58.4761,0.0217
-0.0700,-0.1452,0.9893,-1.5640,-0.2670,-0.0686,142.4420,523.2869,73.4700,0.0217
-0.0695,-0.1446,0.9836,-0.8239,-0.0534,-0.1144,148.4395,520.2881,76.4688,0.0216
-0.0703,-0.1427,0.9869,1.1978,0.1907,-0.2059,146.9401,512.7911,59.9755,0.0217
-0.0698,-0.1441,0.9890,1.8005,0.1983,-0.3280,143.9413,527.7850,77.9682,0.0217
-0.0736,-0.1442,0.9865,1.3046,-0.0305,0.2288,149.9389,524.7863,74.9694,0.0217
-0.0737,-0.1456,0.9852,0.5340,-0.1602,0.1602,148.4395,532.2832,58.4761,0.0217
-0.0691,-0.1432,0.9882,0.8010,-0.1602,0.1602,149.9389,524.7863,68.9719,0.0217
-0.0700,-0.1456,0.9850,0.8773,-0.0152,0.1602,133.4456,529.2844,67.4725,0.0217
-0.0722,-0.1423,0.9858,0.8544,0.1220,0.1525,136.4444,520.2881,70.4713,0.0216
-0.0728,-0.1420,0.9909,0.8392,0.0991,-0.5264,152.9377,530.7838,47.9804,0.0217
-0.0716,-0.1434,0.9866,0.5798,0.0686,-0.9231,128.9474,530.7838,56.9768,0.0217
-0.0680,-0.1464,0.9884,0.1983,-0.1144,-0.3433,148.4395,523.2869,67.4725,0.0217
-0.0709,-0.1466,0.9888,0.4806,-0.2059,0.0228,133.4456,526.2857,76.4688,0.0216
-0.0736,-0.1446,0.9853,1.0833,0.0381,0.1296,145.4407,517.2893,64.4737,0.0217
-0.0736,-0.1443,0.9871,1.3961,0.0228,0.1754,130.4468,520.2881,67.4725,0.0217
-0.0699,-0.1435,0.9872,0.7247,0.0152,-0.0686,146.9401,512.7911,68.9719,0.0217
-0.0726,-0.1456,0.9892,0.2441,-0.1373,-0.4501,149.9389,530.7838,71.9706,0.0217
-0.0717,-0.1466,0.9896,0.5722,-0.0534,-0.2136,140.9426,518.7887,86.9645,0.0217
-0.0712,-0.1448,0.9882,1.1825,-0.0762,-0.1907,151.4383,523.2869,58.4761,0.0217
-0.0701,-0.1430,0.9887,1.1138,0.0762,-0.2517,136.4444,514.2905,73.4700,0.0217
-0.0714,-0.1433,0.9888,0.9689,-0.0762,0.2212,136.4444,529.2844,70.4713,0.0216
-0.0749,-0.1461,0.9866,0.8621,-0.0076,0.0991,139.4432,520.2881,73.4700,0.0217
-0.0742,-0.1481,0.9903,0.2593,0.0305,-0.2593,136.4444,532.2832,67.4725,0.0217
-0.0690,-0.1467,0.9870,0.5493,0.0305,-0.4196,148.4395,526.2857,73.4700,0.0217
-0.0677,-0.1455,0.9866,1.1672,0.0305,-0.4348,148.4395,526.2857,67.4725,0.0217
-0.0704,-0.1462,0.9900,1.2969,-0.0076,-0.0228,130.4468,526.2857,64.4737,0.0217
-0.0723,-0.1491,0.9891,0.6484,-0.0991,0.0457,134.9450,524.7863,77.9682,0.0216
-0.0731,-0.1478,0.9839,0.2975,0.0000,-0.2746,136.4444,520.2881,73.4700,0.0216
-0.0700,-0.1466,0.9894,0.8468,0.2365,-1.2664,142.4420,535.2820,64.4737,0.0217
-0.0729,-0.1459,0.9838,1.3427,0.1449,0.0915,139.4432,523.2869,76.4688,0.0217
-0.0720,-0.1499,0.9866,0.7324,-0.0305,0.1144,148.4395,520.2881,70.4713,0.0217
-0.0721,-0.1496,0.9840,0.2899,-0.0686,-0.1983,142.4420,511.2918,76.4688,0.0217
-0.0723,-0.1457,0.9890,0.6408,0.1068,-0.6408,146.9401,530.7838,74.9694,0.0216
-0.0707,-0.1474,0.9864,1.1215,-0.1296,-0.3814,142.4420,517.2893,67.4725,0.0217
-0.0692,-0.1458,0.9863,1.4114,-0.1602,0.2365,140.9426,512.7911,80.9670,0.0217
-0.0699,-0.1489,0.9860,1.0375,-0.0457,0.2365,137.9438,524.7863,59.9755,0.0217
-0.0734,-0.1477,0.9889,0.5264,-0.1449,0.0228,134.9450,521.7875,71.9706,0.0217
-0.0736,-0.1480,0.9893,0.4730,0.0839,-0.9536,139.4432,505.2942,49.4798,0.0217
-0.0700,-0.1485,0.9863,0.9078,-0.0457,-0.3967,134.9450,524.7863,71.9706,0.0216
-0.0704,-0.1477,0.9871,1.0986,-0.0762,0.0534,142.4420,523.2869,58.4761,0.0217
-0.0725,-0.1496,0.9866,1.0681,-0.0839,0.1754,139.4432,517.2893,82.4664,0.0217
-0.0726,-0.1515,0.9879,0.7858,-0.0762,0.0534,139.4432,523.2869,70.4713,0.0217
-0.0737,-0.1488,0.9874,0.6484,-0.0457,-0.2136,136.4444,526.2857,64.4737,0.0216
-0.0683,-0.1502,0.9843,0.8621,0.0610,-0.4043,143.9413,527.7850,68.9719,0.0218
-0.0736,-0.1487,0.9887,1.2817,-0.0534,0.2517,152.9377,506.7936,68.9719,0.0217
-0.0717,-0.1492,0.9881,0.9994,-0.0381,0.2517,128.9474,518.7887,68.9719,0.0216
-0.0718,-0.1504,0.9911,0.6866,-0.2288,0.0305,137.9438,527.7850,74.9694,0.0217
-0.0717,-0.1509,0.9860,0.2593,0.0152,-0.5111,136.4444,520.2881,58.4761,0.0217
-0.0704,-0.1494,0.9885,0.9918,0.0457,-0.3509,134.9450,518.7887,65.9731,0.0217
-0.0709,-0.1477,0.9887,1.4877,0.1983,-0.7476,148.4395,514.2905,61.4749,0.0217
-0.0731,-0.1501,0.9877,0.8316,0.1144,-1.4114,137.9438,524.7863,80.9670,0.0217
-0.0710,-0.1530,0.9889,0.0381,-0.0915,-1.3732,136.4444,523.2869,73.4700,0.0216
-0.0700,-0.1522,0.9862,0.1068,0.0228,-0.2822,137.9438,518.7887,59.9755,0.0217
-0.0713,-0.1509,0.9842,0.8773,0.1068,-0.3662,136.4444,526.2857,58.4761,0.0217
